# Su (cm/s)               Phi
# 
4.927165929146475065e+01 7.000000000000000666e-01
5.245925123469883289e+01 7.200000000000000844e-01
5.554514931021381585e+01 7.400000000000001021e-01
5.857922904698052946e+01 7.600000000000001199e-01
6.150924271761866180e+01 7.800000000000001377e-01
6.435549640681053063e+01 8.000000000000001554e-01
6.704974789584406381e+01 8.200000000000001732e-01
6.958440287726419626e+01 8.400000000000001910e-01
7.206884679053669629e+01 8.600000000000002087e-01
7.442830227319237224e+01 8.800000000000002265e-01
7.665017173944350759e+01 9.000000000000002442e-01
7.871323550302146543e+01 9.200000000000002620e-01
8.068749327855380216e+01 9.400000000000002798e-01
8.245778277237405973e+01 9.600000000000002975e-01
8.417776620362718631e+01 9.800000000000003153e-01
8.571817325285520894e+01 1.000000000000000222e+00
8.713871904225207743e+01 1.020000000000000240e+00
8.836768779644246763e+01 1.040000000000000258e+00
8.949351551895628631e+01 1.060000000000000275e+00
9.042951828088700950e+01 1.080000000000000293e+00
9.126120558975017616e+01 1.100000000000000311e+00
9.187779411279386466e+01 1.120000000000000329e+00
9.232373613604498530e+01 1.140000000000000346e+00
9.262160810780662246e+01 1.160000000000000364e+00
9.277154746433066634e+01 1.180000000000000382e+00
9.271178832723772700e+01 1.200000000000000400e+00
9.250727483314811650e+01 1.220000000000000417e+00
9.211197344740433834e+01 1.240000000000000435e+00
9.154997738121511475e+01 1.260000000000000453e+00
9.078464758550710201e+01 1.280000000000000471e+00
8.988347949595411990e+01 1.300000000000000488e+00
